827,6
827,5
827,4
827,3
827,2
827,1
827,0
826,6
826,5
826,4
826,3
826,2
826,1
826,0
825,6
825,5
825,4
825,3
825,2
825,1
825,0
824,6
824,5
824,4
824,3
824,2
824,1
824,0
823,6
823,5
823,4
823,3
823,2
823,1
823,0
822,6
822,5
822,4
822,3
822,2
822,1
822,0
821,4
821,3
821,2
821,1
821,0
820,6
820,5
820,4
820,3
820,2
820,1
820,0
819,6
819,5
819,4
819,3
819,2
819,1
819,0
818,6
818,5
818,4
818,3
818,2
818,1
818,0
817,6
817,5
817,4
817,3
817,2
817,1
817,0
816,6
816,5
816,4
816,3
816,2
816,1
816,0
815,6
815,5
815,4
815,3
815,2
815,1
815,0
814,4
814,3
814,2
814,1
814,0
813,6
813,5
813,4
813,3
813,2
813,1
813,0
812,6
812,5
812,4
812,3
812,2
812,1
812,0
811,6
811,5
811,4
811,3
811,2
811,1
811,0
810,6
810,5
810,4
810,3
810,2
810,1
810,0
809,6
809,5
809,4
809,3
809,2
809,1
809,0
808,6
808,5
808,4
808,3
808,2
808,1
808,0
807,4
807,3
807,2
807,1
807,0
806,6
806,5
806,4
806,3
806,2
806,1
806,0
805,6
805,5
805,4
805,3
805,2
805,1
805,0
804,6
804,5
804,4
804,3
804,2
804,1
804,0
803,6
803,5
803,4
803,3
803,2
803,1
803,0
802,6
802,5
802,4
802,3
802,2
802,1
802,0
801,6
801,5
801,4
801,3
801,2
801,1
801,0
800,4
800,3
800,2
800,1
800,0
799,6
799,5
799,4
799,3
799,2
799,1
799,0
798,6
798,5
798,4
798,3
798,2
798,1
798,0
797,6
797,5
797,4
797,3
797,2
797,1
797,0
796,6
796,5
796,4
796,3
796,2
796,1
796,0
795,6
795,5
795,4
795,3
795,2
795,1
795,0
794,6
794,5
794,4
794,3
794,2
794,1
794,0
793,4
793,3
793,2
793,1
793,0
792,6
792,5
792,4
792,3
792,2
792,1
792,0
791,6
791,5
791,4
791,3
791,2
791,1
791,0
790,6
790,5
790,4
790,3
790,2
790,1
790,0
789,6
789,5
789,4
789,3
789,2
789,1
789,0
788,6
788,5
788,4
788,3
788,2
788,1
788,0
787,6
787,5
787,4
787,3
787,2
787,1
787,0
786,4
786,3
786,2
786,1
786,0
785,6
785,5
785,4
785,3
785,2
785,1
785,0
784,6
784,5
784,4
784,3
784,2
784,1
784,0
783,6
783,5
783,4
783,3
783,2
783,1
783,0
782,6
782,5
782,4
782,3
782,2
782,1
782,0
781,6
781,5
781,4
781,3
781,2
781,1
781,0
780,6
780,5
780,4
780,3
780,2
780,1
780,0
779,4
779,3
779,2
779,1
779,0
778,6
778,5
778,4
778,3
778,2
778,1
778,0
777,6
777,5
777,4
777,3
777,2
777,1
777,0
776,6
776,5
776,4
776,3
776,2
776,1
776,0
775,6
775,5
775,4
775,3
775,2
775,1
775,0
774,6
774,5
774,4
774,3
774,2
774,1
774,0
773,6
773,5
773,4
773,3
773,2
773,1
773,0
772,4
772,3
772,2
772,1
772,0
771,6
771,5
771,4
771,3
771,2
771,1
771,0
770,6
770,5
770,4
770,3
770,2
770,1
770,0
769,6
769,5
769,4
769,3
769,2
769,1
769,0
768,6
768,5
768,4
768,3
768,2
768,1
768,0
767,6
767,5
767,4
767,3
767,2
767,1
767,0
766,6
766,5
766,4
766,3
766,2
766,1
766,0
765,4
765,3
765,2
765,1
765,0
764,6
764,5
764,4
764,3
764,2
764,1
764,0
763,6
763,5
763,4
763,3
763,2
763,1
763,0
762,6
762,5
762,4
762,3
762,2
762,1
762,0
761,6
761,5
761,4
761,3
761,2
761,1
761,0
760,6
760,5
760,4
760,3
760,2
760,1
760,0
759,6
759,5
759,4
759,3
759,2
759,1
759,0
758,4
758,3
758,2
758,1
758,0
757,6
757,5
757,4
757,3
757,2
757,1
757,0
756,6
756,5
756,4
756,3
756,2
756,1
756,0
755,6
755,5
755,4
755,3
755,2
755,1
755,0
754,6
754,5
754,4
754,3
754,2
754,1
754,0
753,6
753,5
753,4
753,3
753,2
753,1
753,0
752,6
752,5
752,4
752,3
752,2
752,1
752,0
751,4
751,3
751,2
751,1
751,0
750,6
750,5
750,4
750,3
750,2
750,1
750,0
749,6
749,5
749,4
749,3
749,2
749,1
749,0
748,6
748,5
748,4
748,3
748,2
748,1
748,0
747,6
747,5
747,4
747,3
747,2
747,1
747,0
746,6
746,5
746,4
746,3
746,2
746,1
746,0
745,6
745,5
745,4
745,3
745,2
745,1
745,0
744,4
744,3
744,2
744,1
744,0
743,6
743,5
743,4
743,3
743,2
743,1
743,0
742,6
742,5
742,4
742,3
742,2
742,1
742,0
741,6
741,5
741,4
741,3
741,2
741,1
741,0
740,6
740,5
740,4
740,3
740,2
740,1
740,0
739,6
739,5
739,4
739,3
739,2
739,1
739,0
738,6
738,5
738,4
738,3
738,2
738,1
738,0
737,4
737,3
737,2
737,1
737,0
736,6
736,5
736,4
736,3
736,2
736,1
736,0
735,6
735,5
735,4
735,3
735,2
735,1
735,0
734,6
734,5
734,4
734,3
734,2
734,1
734,0
733,6
733,5
733,4
733,3
733,2
733,1
733,0
732,6
732,5
732,4
732,3
732,2
732,1
732,0
731,6
731,5
731,4
731,3
731,2
731,1
731,0
730,4
730,3
730,2
730,1
730,0
729,6
729,5
729,4
729,3
729,2
729,1
729,0
728,6
728,5
728,4
728,3
728,2
728,1
728,0
727,6
727,5
727,4
727,3
727,2
727,1
727,0
726,6
726,5
726,4
726,3
726,2
726,1
726,0
725,6
725,5
725,4
725,3
725,2
725,1
725,0
724,6
724,5
724,4
724,3
724,2
724,1
724,0
723,4
723,3
723,2
723,1
723,0
722,6
722,5
722,4
722,3
722,2
722,1
722,0
721,6
721,5
721,4
721,3
721,2
721,1
721,0
720,6
720,5
720,4
720,3
720,2
720,1
720,0
719,6
719,5
719,4
719,3
719,2
719,1
719,0
718,6
718,5
718,4
718,3
718,2
718,1
718,0
717,6
717,5
717,4
717,3
717,2
717,1
717,0
716,4
716,3
716,2
716,1
716,0
715,6
715,5
715,4
715,3
715,2
715,1
715,0
714,6
714,5
714,4
714,3
714,2
714,1
714,0
713,6
713,5
713,4
713,3
713,2
713,1
713,0
712,6
712,5
712,4
712,3
712,2
712,1
712,0
711,6
711,5
711,4
711,3
711,2
711,1
711,0
710,6
710,5
710,4
710,3
710,2
710,1
710,0
709,4
709,3
709,2
709,1
709,0
708,6
708,5
708,4
708,3
708,2
708,1
708,0
707,6
707,5
707,4
707,3
707,2
707,1
707,0
706,6
706,5
706,4
706,3
706,2
706,1
706,0
705,6
705,5
705,4
705,3
705,2
705,1
705,0
704,6
704,5
704,4
704,3
704,2
704,1
704,0
703,6
703,5
703,4
703,3
703,2
703,1
703,0
702,4
702,3
702,2
702,1
702,0
701,6
701,5
701,4
701,3
701,2
701,1
701,0
700,6
700,5
700,4
700,3
700,2
700,1
700,0
699,6
699,5
699,4
699,3
699,2
699,1
699,0
698,6
698,5
698,4
698,3
698,2
698,1
698,0
697,6
697,5
697,4
697,3
697,2
697,1
697,0
696,6
696,5
696,4
696,3
696,2
696,1
696,0
695,4
695,3
695,2
695,1
695,0
694,6
694,5
694,4
694,3
694,2
694,1
694,0
693,6
693,5
693,4
693,3
693,2
693,1
693,0
692,6
692,5
692,4
692,3
692,2
692,1
692,0
691,6
691,5
691,4
691,3
691,2
691,1
691,0
690,6
690,5
690,4
690,3
690,2
690,1
690,0
689,6
689,5
689,4
689,3
689,2
689,1
689,0
688,4
688,3
688,2
688,1
688,0
687,6
687,5
687,4
687,3
687,2
687,1
687,0
686,6
686,5
686,4
686,3
686,2
686,1
686,0
685,6
685,5
685,4
685,3
685,2
685,1
685,0
684,6
684,5
684,4
684,3
684,2
684,1
684,0
683,6
683,5
683,4
683,3
683,2
683,1
683,0
682,6
682,5
682,4
682,3
682,2
682,1
682,0
681,4
681,3
681,2
681,1
681,0
680,6
680,5
680,4
680,3
680,2
680,1
680,0
679,6
679,5
679,4
679,3
679,2
679,1
679,0
678,6
678,5
678,4
678,3
678,2
678,1
678,0
677,6
677,5
677,4
677,3
677,2
677,1
677,0
676,6
676,5
676,4
676,3
676,2
676,1
676,0
675,6
675,5
675,4
675,3
675,2
675,1
675,0
674,4
674,3
674,2
674,1
674,0
673,6
673,5
673,4
673,3
673,2
673,1
673,0
672,6
672,5
672,4
672,3
672,2
672,1
672,0
671,6
671,5
671,4
671,3
671,2
671,1
671,0
670,6
670,5
670,4
670,3
670,2
670,1
670,0
669,6
669,5
669,4
669,3
669,2
669,1
669,0
668,6
668,5
668,4
668,3
668,2
668,1
668,0
667,4
667,3
667,2
667,1
667,0
666,6
666,5
666,4
666,3
666,2
666,1
666,0
665,6
665,5
665,4
665,3
665,2
665,1
665,0
664,6
664,5
664,4
664,3
664,2
664,1
664,0
663,6
663,5
663,4
663,3
663,2
663,1
663,0
662,6
662,5
662,4
662,3
662,2
662,1
662,0
661,6
661,5
661,4
661,3
661,2
661,1
661,0
660,4
660,3
660,2
660,1
660,0
659,6
659,5
659,4
659,3
659,2
659,1
659,0
658,6
658,5
658,4
658,3
658,2
658,1
658,0
657,6
657,5
657,4
657,3
657,2
657,1
657,0
656,6
656,5
656,4
656,3
656,2
656,1
656,0
655,6
655,5
655,4
655,3
655,2
655,1
655,0
654,6
654,5
654,4
654,3
654,2
654,1
654,0
653,4
653,3
653,2
653,1
653,0
652,6
652,5
652,4
652,3
652,2
652,1
652,0
651,6
651,5
651,4
651,3
651,2
651,1
651,0
650,6
650,5
650,4
650,3
650,2
650,1
650,0
649,6
649,5
649,4
649,3
649,2
649,1
649,0
648,6
648,5
648,4
648,3
648,2
648,1
648,0
647,6
647,5
647,4
647,3
647,2
647,1
647,0
646,4
646,3
646,2
646,1
646,0
645,6
645,5
645,4
645,3
645,2
645,1
645,0
644,6
644,5
644,4
644,3
644,2
644,1
644,0
643,6
643,5
643,4
643,3
643,2
643,1
643,0
642,6
642,5
642,4
642,3
642,2
642,1
642,0
641,6
641,5
641,4
641,3
641,2
641,1
641,0
640,6
640,5
640,4
640,3
640,2
640,1
640,0
639,4
639,3
639,2
639,1
639,0
638,6
638,5
638,4
638,3
638,2
638,1
638,0
637,6
637,5
637,4
637,3
637,2
637,1
637,0
636,6
636,5
636,4
636,3
636,2
636,1
636,0
635,6
635,5
635,4
635,3
635,2
635,1
635,0
634,6
634,5
634,4
634,3
634,2
634,1
634,0
633,6
633,5
633,4
633,3
633,2
633,1
633,0
632,4
632,3
632,2
632,1
632,0
631,6
631,5
631,4
631,3
631,2
631,1
631,0
630,6
630,5
630,4
630,3
630,2
630,1
630,0
629,6
629,5
629,4
629,3
629,2
629,1
629,0
628,6
628,5
628,4
628,3
628,2
628,1
628,0
627,6
627,5
627,4
627,3
627,2
627,1
627,0
626,6
626,5
626,4
626,3
626,2
626,1
626,0
625,4
625,3
625,2
625,1
625,0
624,6
624,5
624,4
624,3
624,2
624,1
624,0
623,6
623,5
623,4
623,3
623,2
623,1
623,0
622,6
622,5
622,4
622,3
622,2
622,1
622,0
621,6
621,5
621,4
621,3
621,2
621,1
621,0
620,6
620,5
620,4
620,3
620,2
620,1
620,0
619,6
619,5
619,4
619,3
619,2
619,1
619,0
618,4
618,3
618,2
618,1
618,0
617,6
617,5
617,4
617,3
617,2
617,1
617,0
616,6
616,5
616,4
616,3
616,2
616,1
616,0
615,6
615,5
615,4
615,3
615,2
615,1
615,0
614,6
614,5
614,4
614,3
614,2
614,1
614,0
613,6
613,5
613,4
613,3
613,2
613,1
160,2
613,0
612,6
612,5
612,4
612,3
612,2
612,1
612,0
611,4
611,3
611,2
611,1
611,0
610,6
610,5
610,4
610,3
610,2
610,1
610,0
609,6
609,5
609,4
609,3
609,2
609,1
609,0
608,6
608,5
608,4
608,3
608,2
608,1
608,0
607,6
607,5
607,4
607,3
607,2
607,1
607,0
606,6
606,5
606,4
606,3
606,2
606,1
606,0
605,6
605,5
605,4
605,3
605,2
605,1
605,0
604,4
604,3
604,2
604,1
604,0
603,6
603,5
603,4
603,3
603,2
603,1
603,0
602,6
602,5
602,4
602,3
602,2
602,1
602,0
601,6
601,5
601,4
601,3
601,2
601,1
601,0
600,6
600,5
600,4
600,3
600,2
600,1
600,0
599,6
599,5
599,4
599,3
599,2
599,1
599,0
598,6
598,5
598,4
598,3
598,2
598,1
598,0
597,4
597,3
597,2
597,1
597,0
596,6
596,5
596,4
596,3
596,2
596,1
596,0
595,6
595,5
595,4
595,3
595,2
595,1
595,0
594,6
594,5
594,4
594,3
594,2
594,1
594,0
593,6
593,5
593,4
593,3
593,2
593,1
593,0
592,6
592,5
592,4
592,3
592,2
592,1
592,0
591,6
591,5
591,4
591,3
591,2
591,1
591,0
590,4
590,3
590,2
590,1
590,0
589,6
589,5
589,4
589,3
589,2
589,1
589,0
588,5
588,4
588,3
588,2
588,1
588,0
587,4
587,3
587,2
587,1
587,0
586,6
586,5
586,4
586,3
586,2
586,1
586,0
585,5
585,4
585,3
585,2
585,1
585,0
584,4
584,3
584,2
584,1
584,0
583,4
583,3
583,2
583,1
583,0
582,6
582,5
582,4
582,3
582,2
582,1
582,0
581,4
581,3
581,2
581,1
581,0
580,6
580,5
580,4
580,3
580,2
580,1
580,0
579,6
579,5
579,4
579,3
579,2
579,1
579,0
578,6
578,5
578,4
578,3
578,2
578,1
578,0
577,6
577,5
577,4
577,3
577,2
577,1
577,0
576,6
576,5
576,4
576,3
576,2
576,1
576,0
575,6
575,5
575,4
575,3
575,2
575,1
575,0
574,4
574,3
574,2
574,1
574,0
573,6
573,5
573,4
573,3
573,2
573,1
573,0
572,6
572,5
572,4
572,3
572,2
572,1
572,0
571,6
571,5
571,4
571,3
571,2
571,1
571,0
570,6
570,5
570,4
570,3
570,2
570,1
570,0
569,6
569,5
569,4
569,3
569,2
569,1
569,0
568,6
568,5
568,4
568,3
568,2
568,1
568,0
567,4
567,3
567,2
567,1
567,0
566,6
566,5
566,4
566,3
566,2
566,1
566,0
565,6
565,5
565,4
565,3
565,2
565,1
565,0
559,6
559,5
559,4
559,2
564,6
564,5
564,4
564,3
564,2
564,1
564,0
563,6
563,5
563,4
563,3
563,2
563,1
563,0
562,6
562,5
562,4
562,3
562,2
562,1
562,0
556,6
556,5
556,4
556,2
561,6
561,5
561,4
561,3
561,2
561,1
561,0
553,4
553,2
560,4
560,3
560,2
560,1
560,0
553,1
553,3
553,0
160,3
160,1
160,0
5,3
5,1
5,0
4,3
4,2
4,1
4,0
3,6
3,5
3,4
3,3
3,2
3,1
3,0
2,2
1,2
0,446
0,445
0,442
0,440
0,437
0,434
0,432
0,427
0,425
0,423
0,422
0,419
0,418
0,416
0,413
0,411
0,408
0,405
0,399
0,397
1,1
1,3
0,395
1,0
0,327
556,1
556,3
0,322
556,0
559,1
0,319
0,315
559,3
0,313
559,0
0,306
2,1
0,243
2,3
2,0
0,9
0,310
0,305
0,308
0,304
0,303
0,302
0,307
0,12
0,10
0,8
0,0
0,314
0,300
0,401
0,299
0,381
0,298
0,390
0,297
0,357
0,296
0,396
0,295
0,367
0,294
0,376
0,293
0,365
0,292
0,406
0,291
0,312
0,290
0,350
0,289
0,337
0,288
0,364
0,287
0,286
0,356
0,285
0,400
0,284
0,283
0,282
0,378
0,281
0,441
0,280
0,375
0,279
0,344
0,278
0,338
0,277
0,321
0,276
0,331
0,275
0,373
0,274
0,392
0,273
0,348
0,272
0,363
0,271
0,347
0,270
0,324
0,269
0,393
0,268
0,439
0,267
0,355
0,266
0,436
0,265
0,394
0,264
0,372
0,263
0,334
0,262
0,435
0,261
0,345
0,260
0,359
0,259
0,341
0,258
0,385
0,257
0,352
0,256
0,343
0,255
0,254
0,386
0,253
0,349
0,252
0,444
0,251
0,330
0,250
0,249
0,403
0,248
0,323
0,247
0,383
0,246
0,438
0,245
0,388
0,244
0,447
0,242
0,424
0,241
0,317
0,240
0,239
0,238
0,362
0,237
0,433
0,236
0,311
0,235
0,415
0,234
0,332
0,233
0,340
0,232
0,231
0,443
0,230
0,431
0,229
0,325
0,228
0,429
0,227
0,309
0,226
0,426
0,225
0,224
0,380
0,223
0,389
0,222
0,320
0,221
0,360
0,220
0,414
0,219
0,379
0,218
0,428
0,217
0,387
0,216
0,410
0,215
0,371
0,214
0,213
0,358
0,212
0,329
0,211
0,210
0,342
0,209
0,328
0,208
0,377
0,207
0,339
0,206
0,412
0,205
0,351
0,204
0,301
0,203
0,369
0,202
0,430
0,201
0,382
0,200
0,199
0,333
0,198
0,384
0,197
0,421
0,196
0,368
0,195
0,366
0,194
0,193
0,192
0,407
0,63
0,361
0,62
0,346
0,61
0,60
0,420
0,59
0,336
0,58
0,335
0,57
0,318
0,56
0,398
0,55
0,316
0,54
0,354
0,53
0,374
0,52
0,391
0,51
0,417
0,50
0,402
0,49
0,409
0,48
0,404
0,47
0,370
0,46
0,326
0,45
0,353
0,6
0,5
0,1
0,11
0,4
0,2
0,3
0,7
